v <-  1:10
v
v2 <- 1:12

matrix(v, nrow = 2)

v2.1 <- matrix(v2,byrow = T, nrow = 4)
v2.1
